{
  "cells": [
    {
      "cell_type": "markdown",
      "metadata": {
        "id": "YLWgiXh3Llam"
      },
      "source": [
        "# Part 1: Calculate array statistics with NumPy"
      ]
    },
    {
      "cell_type": "code",
      "execution_count": 2,
      "metadata": {
        "id": "W3W847wEO71v"
      },
      "outputs": [
        {
          "name": "stdout",
          "output_type": "stream",
          "text": [
            "Mean: 74.39\n",
            "Standard Deviation: 1.7486852203870198\n",
            "Variance: 3.0578999999999996\n",
            "Minimum: 70\n",
            "Maximum: 80\n",
            "Range: 10\n"
          ]
        }
      ],
      "source": [
        "import numpy as np\n",
        "\n",
        "# Example TM1 data (replace with actual values)\n",
        "TM1 = [\n",
        "    [72, 75, 76, 80, 77, 71, 74, 76, 76, 79],\n",
        "    [75, 76, 76, 78, 77, 76, 77, 74, 75, 74],\n",
        "    [74, 75, 78, 76, 77, 73, 75, 73, 74, 77],\n",
        "    [74, 75, 74, 74, 77, 75, 74, 73, 74, 77],\n",
        "    [75, 75, 74, 74, 75, 75, 76, 75, 74, 75],\n",
        "    [74, 75, 75, 75, 74, 75, 75, 74, 72, 75],\n",
        "    [73, 73, 75, 72, 71, 74, 74, 71, 75, 73],\n",
        "    [75, 71, 73, 71, 74, 74, 74, 73, 74, 75],\n",
        "    [74, 70, 75, 74, 74, 74, 75, 74, 71, 75],\n",
        "    [71, 73, 73, 74, 74, 74, 74, 73, 75, 72]\n",
        "]\n",
        "\n",
        "# Univariate statistics\n",
        "mean = np.mean(TM1)\n",
        "std_dev = np.std(TM1)\n",
        "variance = np.var(TM1)\n",
        "min_val = np.min(TM1)\n",
        "max_val = np.max(TM1)\n",
        "value_range = max_val - min_val\n",
        "\n",
        "# Display results\n",
        "print(f\"Mean: {mean}\")\n",
        "print(f\"Standard Deviation: {std_dev}\")\n",
        "print(f\"Variance: {variance}\")\n",
        "print(f\"Minimum: {min_val}\")\n",
        "print(f\"Maximum: {max_val}\")\n",
        "print(f\"Range: {value_range}\")\n",
        "\n",
        "\n"
      ]
    },
    {
      "cell_type": "markdown",
      "metadata": {
        "id": "aXsBz-TWLyew"
      },
      "source": [
        "## Print the values of a NumPy binary"
      ]
    },
    {
      "cell_type": "code",
      "execution_count": 5,
      "metadata": {
        "id": "V-wX-k0EPtTp"
      },
      "outputs": [
        {
          "name": "stdout",
          "output_type": "stream",
          "text": [
            "[[72 75 76 80 77 71 74 76 76 79]\n",
            " [75 76 76 78 77 76 77 74 75 74]\n",
            " [74 75 78 76 77 73 75 73 74 77]\n",
            " [74 75 74 74 77 75 74 73 74 77]\n",
            " [75 75 74 74 75 75 76 75 74 75]\n",
            " [74 75 75 75 74 75 75 74 72 75]\n",
            " [73 73 75 72 71 74 74 71 75 73]\n",
            " [75 71 73 71 74 74 74 73 74 75]\n",
            " [74 70 75 74 74 74 75 74 71 75]\n",
            " [71 73 73 74 74 74 74 73 75 72]]\n",
            "[[28 28 30 31 28 28 27 28 33 32]\n",
            " [28 30 31 31 28 30 28 28 28 28]\n",
            " [28 28 30 30 30 30 30 28 29 31]\n",
            " [29 30 28 29 29 30 29 29 29 28]\n",
            " [28 29 29 29 29 29 28 28 29 31]\n",
            " [28 29 30 29 28 27 27 28 28 28]\n",
            " [27 26 27 26 26 27 28 28 28 28]\n",
            " [26 27 28 26 27 26 26 27 28 28]\n",
            " [26 26 27 26 27 27 27 27 27 27]\n",
            " [27 26 26 26 26 26 26 27 26 26]]\n",
            "[[22 23 26 29 23 23 23 23 27 27]\n",
            " [24 27 28 31 25 27 24 24 24 25]\n",
            " [23 25 28 26 26 24 25 23 24 26]\n",
            " [23 24 23 24 25 24 24 24 26 24]\n",
            " [23 23 23 23 24 24 24 23 23 26]\n",
            " [22 23 23 24 23 23 23 24 24 24]\n",
            " [22 22 21 21 22 22 23 22 23 24]\n",
            " [20 20 21 20 21 21 21 22 23 23]\n",
            " [22 21 20 20 22 21 20 19 22 23]\n",
            " [21 21 21 22 22 21 22 22 21 21]]\n",
            "[[60 56 51 53 55 70 70 75 87 63]\n",
            " [61 55 56 53 54 62 71 77 59 53]\n",
            " [64 52 55 50 59 68 89 70 65 48]\n",
            " [67 58 51 72 78 86 75 60 63 26]\n",
            " [69 79 75 78 87 84 60 51 59 63]\n",
            " [41 39 39 53 59 64 54 48 55 62]\n",
            " [18 17 18 18 18 28 45 54 59 59]\n",
            " [15 15 15 15 15 17 18 25 49 50]\n",
            " [15 16 15 15 15 15 15 16 17 18]\n",
            " [15 15 14 15 15 14 15 15 15 15]]\n",
            "[[43 46 38 54 40 51 48 53 58 42]\n",
            " [43 46 38 55 40 52 49 54 59 42]\n",
            " [43 44 46 36 44 58 59 49 42 40]\n",
            " [46 53 41 47 59 57 54 40 41 36]\n",
            " [43 45 46 47 49 49 41 38 35 43]\n",
            " [13 13 11 12 20 25 34 37 38 43]\n",
            " [ 8  9  7  8  6  9 13 20 37 38]\n",
            " [ 6  8  4  7  6  8  5  8 11 22]\n",
            " [ 9  6  6  4  8  8  6  5  5  6]\n",
            " [ 8  6  6  6  5  6  6  6  6  5]]\n",
            "[[15 17 16 23 17 19 15 17 18 14]\n",
            " [13 19 22 23 17 17 18 17 14 15]\n",
            " [16 15 17 13 17 18 17 14 14 13]\n",
            " [13 17 13 15 16 16 17 11 15  9]\n",
            " [14 16 14 16 16 16 14 15 13 15]\n",
            " [ 5  6  6  7 13 11 12 12 14 13]\n",
            " [ 3  5  4  5  3  5  6  8 14 13]\n",
            " [ 5  4  5  5  3  4  5  5  6  7]\n",
            " [ 5  3  5  5  3  8  3  3  4  7]\n",
            " [ 5  3  6  4  4  6  4  5  6  3]]\n"
          ]
        }
      ],
      "source": [
        "\n",
        "for i in range(1, 8):\n",
        "    if i == 6:\n",
        "        continue\n",
        "    else:\n",
        "        arr = np.load('Data/Landsat-TM' + str(i) + '.npy')\n",
        "    print(arr)\n"
      ]
    },
    {
      "cell_type": "code",
      "execution_count": 25,
      "metadata": {},
      "outputs": [
        {
          "data": {
            "text/html": [
              "\n",
              "            <style>\n",
              "                .geemap-dark {\n",
              "                    --jp-widgets-color: white;\n",
              "                    --jp-widgets-label-color: white;\n",
              "                    --jp-ui-font-color1: white;\n",
              "                    --jp-layout-color2: #454545;\n",
              "                    background-color: #383838;\n",
              "                }\n",
              "\n",
              "                .geemap-dark .jupyter-button {\n",
              "                    --jp-layout-color3: #383838;\n",
              "                }\n",
              "\n",
              "                .geemap-colab {\n",
              "                    background-color: var(--colab-primary-surface-color, white);\n",
              "                }\n",
              "\n",
              "                .geemap-colab .jupyter-button {\n",
              "                    --jp-layout-color3: var(--colab-primary-surface-color, white);\n",
              "                }\n",
              "            </style>\n",
              "            "
            ],
            "text/plain": [
              "<IPython.core.display.HTML object>"
            ]
          },
          "metadata": {},
          "output_type": "display_data"
        },
        {
          "name": "stdout",
          "output_type": "stream",
          "text": [
            "                           TM1     TM2     TM3      TM4      TM5     TM7\n",
            "Mean(X)                 74.390  28.070  23.230   45.890   29.310  10.970\n",
            "Standard Deviation (s)   1.749   1.531   2.106   23.540   19.258   5.652\n",
            "Variance (var)           3.058   2.345   4.437  554.118  370.874  31.949\n",
            "Mininum (min)           70.000  26.000  19.000   14.000    4.000   3.000\n",
            "Maximum (max)           80.000  33.000  31.000   89.000   59.000  23.000\n",
            "Range (BVr)             10.000   7.000  12.000   75.000   55.000  20.000\n"
          ]
        }
      ],
      "source": [
        "# Part 1: Univariate Image Statistics\n",
        "\n",
        "import numpy as np\n",
        "import pandas as pd\n",
        "\n",
        "data = {}\n",
        "\n",
        "for i in range(1, 8):\n",
        "    if i == 6:\n",
        "        continue\n",
        "    \n",
        "    arr = np.load(f'Data/Landsat-TM{i}.npy')\n",
        "    \n",
        "    data[f'TM{i}'] = {\n",
        "        \"Mean(X)\": np.mean(arr),\n",
        "        \"Standard Deviation (s)\": np.std(arr),\n",
        "        \"Variance (var)\": np.var(arr),\n",
        "        \"Minimum (min)\": np.min(arr),\n",
        "        \"Maximum (max)\": np.max(arr),\n",
        "        \"Range (BVr)\": np.max(arr) - np.min(arr)\n",
        "    }\n",
        "\n",
        "df = pd.DataFrame(data)\n",
        "df = df.round(3)\n",
        "print(df)\n",
        "\n"
      ]
    },
    {
      "cell_type": "code",
      "execution_count": 29,
      "metadata": {},
      "outputs": [
        {
          "data": {
            "text/html": [
              "\n",
              "            <style>\n",
              "                .geemap-dark {\n",
              "                    --jp-widgets-color: white;\n",
              "                    --jp-widgets-label-color: white;\n",
              "                    --jp-ui-font-color1: white;\n",
              "                    --jp-layout-color2: #454545;\n",
              "                    background-color: #383838;\n",
              "                }\n",
              "\n",
              "                .geemap-dark .jupyter-button {\n",
              "                    --jp-layout-color3: #383838;\n",
              "                }\n",
              "\n",
              "                .geemap-colab {\n",
              "                    background-color: var(--colab-primary-surface-color, white);\n",
              "                }\n",
              "\n",
              "                .geemap-colab .jupyter-button {\n",
              "                    --jp-layout-color3: var(--colab-primary-surface-color, white);\n",
              "                }\n",
              "            </style>\n",
              "            "
            ],
            "text/plain": [
              "<IPython.core.display.HTML object>"
            ]
          },
          "metadata": {},
          "output_type": "display_data"
        },
        {
          "name": "stdout",
          "output_type": "stream",
          "text": [
            "                               B2         B3          B4          B5  \\\n",
            "Mean(X)                  1085.071    863.093     686.494     784.264   \n",
            "Standard Deviation (s)    269.126    308.183     400.253     409.655   \n",
            "Variance (var)          72428.584  94976.518  160202.448  167817.570   \n",
            "Minimum (min)             881.000    592.000     359.000     336.000   \n",
            "Maximum (max)            2886.000   2830.000    2978.000    2511.000   \n",
            "Range (BVr)              2005.000   2238.000    2619.000    2175.000   \n",
            "\n",
            "                                B6          B7          B8          B8A  \\\n",
            "Mean(X)                   1206.774    1402.965    1336.675     1505.702   \n",
            "Standard Deviation (s)     725.055     912.547     941.153     1067.638   \n",
            "Variance (var)          525704.456  832742.319  885769.021  1139849.863   \n",
            "Minimum (min)              311.000     293.000     231.000      176.000   \n",
            "Maximum (max)             2914.000    3466.000    3563.000     3882.000   \n",
            "Range (BVr)               2603.000    3173.000    3332.000     3706.000   \n",
            "\n",
            "                               B11         B12  \n",
            "Mean(X)                   1059.576     649.110  \n",
            "Standard Deviation (s)     799.518     540.282  \n",
            "Variance (var)          639228.289  291904.674  \n",
            "Minimum (min)               60.000      24.000  \n",
            "Maximum (max)             2572.000    2207.000  \n",
            "Range (BVr)               2512.000    2183.000  \n"
          ]
        }
      ],
      "source": [
        "# === Part 3: Univariate Image Statistics – Sentinel-2 ===\n",
        "\n",
        "data_s2 = {}\n",
        "\n",
        "for label, f in zip(s2_labels, s2_files):\n",
        "    arr = np.load(f)\n",
        "    \n",
        "    data_s2[label] = {\n",
        "        \"Mean(X)\": np.mean(arr),\n",
        "        \"Standard Deviation (s)\": np.std(arr),\n",
        "        \"Variance (var)\": np.var(arr),\n",
        "        \"Minimum (min)\": np.min(arr),\n",
        "        \"Maximum (max)\": np.max(arr),\n",
        "        \"Range (BVr)\": np.max(arr) - np.min(arr)\n",
        "    }\n",
        "\n",
        "df_s2 = pd.DataFrame(data_s2)\n",
        "df_s2 = df_s2.round(3)\n",
        "print(df_s2)\n"
      ]
    },
    {
      "cell_type": "markdown",
      "metadata": {
        "id": "_BsfgvGX6M62"
      },
      "source": [
        "## Compute the covariance and correlation matrices"
      ]
    },
    {
      "cell_type": "code",
      "execution_count": 27,
      "metadata": {
        "id": "LiqCrfgO6Cxu"
      },
      "outputs": [
        {
          "data": {
            "text/html": [
              "\n",
              "            <style>\n",
              "                .geemap-dark {\n",
              "                    --jp-widgets-color: white;\n",
              "                    --jp-widgets-label-color: white;\n",
              "                    --jp-ui-font-color1: white;\n",
              "                    --jp-layout-color2: #454545;\n",
              "                    background-color: #383838;\n",
              "                }\n",
              "\n",
              "                .geemap-dark .jupyter-button {\n",
              "                    --jp-layout-color3: #383838;\n",
              "                }\n",
              "\n",
              "                .geemap-colab {\n",
              "                    background-color: var(--colab-primary-surface-color, white);\n",
              "                }\n",
              "\n",
              "                .geemap-colab .jupyter-button {\n",
              "                    --jp-layout-color3: var(--colab-primary-surface-color, white);\n",
              "                }\n",
              "            </style>\n",
              "            "
            ],
            "text/plain": [
              "<IPython.core.display.HTML object>"
            ]
          },
          "metadata": {},
          "output_type": "display_data"
        },
        {
          "name": "stdout",
          "output_type": "stream",
          "text": [
            "\n",
            "=== Landsat TM Covariance Matrix ===\n",
            "         TM1   TM2   TM3   TM4   TM5   TM7\n",
            "TM1    3.089 1.558 2.43515.17515.615 5.274\n",
            "TM2    1.558 2.369 2.71125.76521.503 6.477\n",
            "TM3    2.435 2.711 4.48231.38929.746 9.542\n",
            "TM4   15.17525.76531.389559.715417.974114.946\n",
            "TM5   15.61521.50329.746417.974374.620103.383\n",
            "TM7    5.274 6.477 9.542114.946103.38332.272\n",
            "\n",
            "=== Landsat TM Correlation Matrix ===\n",
            "         TM1   TM2   TM3   TM4   TM5   TM7\n",
            "TM1    1.000 0.576 0.654 0.365 0.459 0.528\n",
            "TM2    0.576 1.000 0.832 0.708 0.722 0.741\n",
            "TM3    0.654 0.832 1.000 0.627 0.726 0.793\n",
            "TM4    0.365 0.708 0.627 1.000 0.913 0.855\n",
            "TM5    0.459 0.722 0.726 0.913 1.000 0.940\n",
            "TM7    0.528 0.741 0.793 0.855 0.940 1.000\n",
            "\n",
            "Saved CSV files to current directory.\n",
            "\n",
            "=== Sentinel-2 Covariance Matrix ===\n",
            "             B2          B3          B4          B5          B6          B7          B8          B8A         B11         B12\n",
            "B2    72457.567   81101.264  106380.421   93416.466   84986.212   83680.317   85056.178    83736.583  117506.417  111937.414\n",
            "B3    81101.264   95014.524  122167.535  115117.961  129101.488  137310.059  141674.250   145685.919  166933.813  141714.373\n",
            "B4   106380.421  122167.535  160266.555  146847.143  150369.197  155312.358  158356.052   161537.687  202585.744  181324.474\n",
            "B5    93416.466  115117.961  146847.143  167884.724  232456.948  263905.960  257916.090   290893.644  284152.840  213511.438\n",
            "B6    84986.212  129101.488  150369.197  232456.948  525914.822  653814.435  658711.837   759422.713  558722.822  317247.425\n",
            "B7    83680.317  137310.059  155312.358  263905.960  653814.435  833075.549  838157.848   969838.735  682693.041  365631.897\n",
            "B8    85056.178  141674.250  158356.052  257916.090  658711.837  838157.848  886123.470   980713.341  681560.724  359508.368\n",
            "B8A   83736.583  145685.919  161537.687  290893.644  759422.713  969838.735  980713.341  1140305.986  786991.587  410141.036\n",
            "B11  117506.417  166933.813  202585.744  284152.840  558722.822  682693.041  681560.724   786991.587  639484.083  395426.909\n",
            "B12  111937.414  141714.373  181324.474  213511.438  317247.425  365631.897  359508.368   410141.036  395426.909  292021.483\n",
            "\n",
            "=== Sentinel-2 Correlation Matrix ===\n",
            "        B2     B3     B4     B5     B6     B7     B8    B8A    B11    B12\n",
            "B2   1.000  0.977  0.987  0.847  0.435  0.341  0.336  0.291  0.546  0.770\n",
            "B3   0.977  1.000  0.990  0.911  0.578  0.488  0.488  0.443  0.677  0.851\n",
            "B4   0.987  0.990  1.000  0.895  0.518  0.425  0.420  0.378  0.633  0.838\n",
            "B5   0.847  0.911  0.895  1.000  0.782  0.706  0.669  0.665  0.867  0.964\n",
            "B6   0.435  0.578  0.518  0.782  1.000  0.988  0.965  0.981  0.963  0.810\n",
            "B7   0.341  0.488  0.425  0.706  0.988  1.000  0.976  0.995  0.935  0.741\n",
            "B8   0.336  0.488  0.420  0.669  0.965  0.976  1.000  0.976  0.905  0.707\n",
            "B8A  0.291  0.443  0.378  0.665  0.981  0.995  0.976  1.000  0.922  0.711\n",
            "B11  0.546  0.677  0.633  0.867  0.963  0.935  0.905  0.922  1.000  0.915\n",
            "B12  0.770  0.851  0.838  0.964  0.810  0.741  0.707  0.711  0.915  1.000\n"
          ]
        }
      ],
      "source": [
        "\n",
        "from pathlib import Path\n",
        "\n",
        "# === Helper functions ===\n",
        "def load_stack(files):\n",
        "    \"\"\"Load .npy bands, flatten, and stack into (n_pixels, n_bands).\"\"\"\n",
        "    arrays = []\n",
        "    shapes = set()\n",
        "    for f in files:\n",
        "        a = np.load(f).astype(np.float64)\n",
        "        arrays.append(a)\n",
        "        shapes.add(a.shape)\n",
        "    if len(shapes) != 1:\n",
        "        raise ValueError(f\"Bands have different shapes: {shapes}\")\n",
        "    X = np.stack([a.ravel() for a in arrays], axis=1)\n",
        "    mask = np.isfinite(X).all(axis=1)\n",
        "    return X[mask]\n",
        "\n",
        "def print_matrix(M, labels, title):\n",
        "    \"\"\"Pretty print matrix with labels.\"\"\"\n",
        "    print(f\"\\n=== {title} ===\")\n",
        "    w = max(6, max(len(s) for s in labels) + 1)\n",
        "    print(\"\".ljust(w), *[s.rjust(w) for s in labels], sep=\"\")\n",
        "    for name, row in zip(labels, M):\n",
        "        print(name.ljust(w), *[f\"{v:>{w}.3f}\" for v in row], sep=\"\")\n",
        "\n",
        "\n",
        "root = Path(\"/content/\")  # current directory in Colab (adjust if using Drive)\n",
        "\n",
        "landsat_files = [\n",
        "    \"Data/Landsat-TM1.npy\", \"Data/Landsat-TM2.npy\", \"Data/Landsat-TM3.npy\",\n",
        "    \"Data/Landsat-TM4.npy\", \"Data/Landsat-TM5.npy\", \"Data/Landsat-TM7.npy\"\n",
        "]\n",
        "landsat_labels = [\"TM1\",\"TM2\",\"TM3\",\"TM4\",\"TM5\",\"TM7\"]\n",
        "\n",
        "s2_files = [\n",
        "    \"Data/S2-B2.npy\", \"Data/S2-B3.npy\", \"Data/S2-B4.npy\", \"Data/S2-B5.npy\",\n",
        "    \"Data/S2-B6.npy\", \"Data/S2-B7.npy\", \"Data/S2-B8.npy\", \"Data/S2-B8A.npy\",\n",
        "    \"Data/S2-B11.npy\", \"Data/S2-B12.npy\"\n",
        "]\n",
        "s2_labels = [\"B2\",\"B3\",\"B4\",\"B5\",\"B6\",\"B7\",\"B8\",\"B8A\",\"B11\",\"B12\"]\n",
        "\n",
        "\n",
        "# === Landsat TM ===\n",
        "X_landsat = load_stack(landsat_files)\n",
        "cov_landsat = np.cov(X_landsat, rowvar=False)\n",
        "corr_landsat = np.corrcoef(X_landsat, rowvar=False)\n",
        "\n",
        "print_matrix(cov_landsat, landsat_labels, \"Landsat TM Covariance Matrix\")\n",
        "print_matrix(corr_landsat, landsat_labels, \"Landsat TM Correlation Matrix\")\n",
        "\n",
        "\n",
        "# Optionally save as CSVs\n",
        "np.savetxt(\"landsat_cov.csv\", cov_landsat, delimiter=\",\")\n",
        "np.savetxt(\"landsat_corr.csv\", corr_landsat, delimiter=\",\")\n",
        "print(\"\\nSaved CSV files to current directory.\")\n",
        "\n",
        "\n",
        "X_s2 = load_stack(s2_files)\n",
        "\n",
        "cov_s2 = np.cov(X_s2, rowvar=False)\n",
        "corr_s2 = np.corrcoef(X_s2, rowvar=False)\n",
        "\n",
        "# Convert to DataFrames for nice formatting\n",
        "cov_df = pd.DataFrame(cov_s2, index=s2_labels, columns=s2_labels)\n",
        "corr_df = pd.DataFrame(corr_s2, index=s2_labels, columns=s2_labels)\n",
        "\n",
        "# Round and display\n",
        "print(\"\\n=== Sentinel-2 Covariance Matrix ===\")\n",
        "print(cov_df.round(3).to_string())\n",
        "\n",
        "print(\"\\n=== Sentinel-2 Correlation Matrix ===\")\n",
        "print(corr_df.round(3).to_string())\n",
        "# Your code here\n"
      ]
    },
    {
      "cell_type": "code",
      "execution_count": 31,
      "metadata": {},
      "outputs": [
        {
          "data": {
            "text/html": [
              "\n",
              "            <style>\n",
              "                .geemap-dark {\n",
              "                    --jp-widgets-color: white;\n",
              "                    --jp-widgets-label-color: white;\n",
              "                    --jp-ui-font-color1: white;\n",
              "                    --jp-layout-color2: #454545;\n",
              "                    background-color: #383838;\n",
              "                }\n",
              "\n",
              "                .geemap-dark .jupyter-button {\n",
              "                    --jp-layout-color3: #383838;\n",
              "                }\n",
              "\n",
              "                .geemap-colab {\n",
              "                    background-color: var(--colab-primary-surface-color, white);\n",
              "                }\n",
              "\n",
              "                .geemap-colab .jupyter-button {\n",
              "                    --jp-layout-color3: var(--colab-primary-surface-color, white);\n",
              "                }\n",
              "            </style>\n",
              "            "
            ],
            "text/plain": [
              "<IPython.core.display.HTML object>"
            ]
          },
          "metadata": {},
          "output_type": "display_data"
        },
        {
          "data": {
